010000000
000000000
000000000
111111111
010011011
111011011
000000000
111111111
000000000
000000000
010111010
010000000
010001000
000000000
111011011
011001011
111111111
010000000
110111111
000000000
011011011
011011011
010000000
000000000
000100111
010000010
000000000
111111011
000000000
001101100
000000000
000000000
000000000
000000000
110111110
010000000
000000000
000000000
111111111
010000010
011011111
001001001
011001011
111111111
010001000
100010100
010001011
000000000
000000000
010110111
111001011
111111111
010000001
010011011
111111111
111111111
000000000
011111011
010000000
010001011
111111111
010001011
010000000
000000000
111111111
110110011
111111111
010000000
011010011
011001001
010001011
111111111
111111111
000000000
111001011
010011010
011001000
011011011
000000000
010000010
010001011
010001011
010001011
111111111
000000000
010000000
000100001
111111111
011111011
000000000
111111111
000000000
111011011
011011011
111111111
000000000
101111011
111111111
000000000
010000000
101111110
000000000
010000000
010001010
000000000
000000000
010011001
000000000
000000000
110011011
000000000
111111111
010001011
011001011
111111111
111111111
011001011
010000000
010001010
111111111
000000000
010011011
010010000
010000000
111111111
111111111
111111111
100100110
011011011
010111011
111111011
111011111
111111111
000000000
000000000
111111111
111111111
000000000
111111111
000000000
000000000
010001011
010001011
011011111
011001001
101110100
001000001
111111111
010001011
010000001
111111111
010000000
010000000
010000010
010000000
011011011
010011011
010000010
000000000
111011011
111011011
000010010
011111101
010000010
000000000
000000000
111111111
000000000
010000000
111111111
010000000
111111111
110011011
011011011
000000000
010011011
111111111
111111111
000000000
010000000
111111111
101111111
111111111
111111111
111111111
000000000
111001011
010010000
000000000
111111111
000000000
000000000
010000000
010000001
111111111
000000000
000000000
000100001
111111111
111111111
001100110
000000000
111111111
000000000
010000000
011111111
000000000
010001010
000000000
010001011
000000000
000000000
010001000
111111111
011000011
010000011
011011001
000000000
000000000
000000000
111111111
111111111
010000011
010001011
000000000
010111100
110011011
100000001
111111111
000000000
000000000
000000000
010000000
011011011
010001011
110011011
010001011
000000000
010001011
010001011
011001011
010001011
011001011
010000010
100101100
110001011
011011011
000000000
000000000
010000001
111111111
010001011
111111111
010000001
010000000
111111111
000000000
000001001
000000000
111111111
010000000
111111111
000000000
111111111
111111111
101111101
111111111
111111111
100011000
000000000
010000011
100010010
000000000
010001011
010000001
011011011
000000000
010000000
001100100
000000000
011001001
000000000
010000000
000000000
000000000
111111111
000000000
111111111
000000000
111111111
111101111
011001011
010000000
111111111
000000000
010101010
000000000
000000000
010000000
111111111
000000000
010000011
111111111
111011011
000000000
000001011
111111111
000000000
000000000
010001011
010011011
000000000
111011011
111011011
000000000
010001010
000000000
000000000
000000000
101111010
000000000
010000001
111111111
110011011
000000000
111111111
111111111
010000000
000000000
000000000
100101010
000000000
010001011
100100010
111111111
010011011
111111111
010001011
000101100
010001111
010001011
111111111
110011011
010001011
000001000
010011011
000000011
010101010
111011011
111011011
111111111
111111111
111111111
010001010
111111111
000000000
111111111
000000000
010001011
010000000
010000000
010111110
111111111
111111111
000000000
111111011
111111111
000000000
000000000
000000000
000001000
000100100
000000000
000000000
010000000
111101011
010011011
010000000
010000000
111111111
000000000
011001011
010101110
010000000
101011111
000000000
010001010
010011011
011011011
111111111
000000000
000000000
000000000
010000000
000000000
011111011
000000000
111111111
010000010
111111111
010000000
011001011
000000000
010010011
111111111
010000000
010000000
110101101
010000011
000101010
011011011
111111111
100010010
111111111
000000000
011001011
010011011
000011000
010001011
010000010
010001011
001000001
010000000
010000001
010000001
010001011
010000001
011011011
010001011
010001011
010001011
010000001
010000000
111011011
010000000
010000000
010000000
010000000
010000000
111111111
010000000
111111111
000000000
010010000
111111111
010001011
000000000
010001011
111111111
000000000
111111111
010001011
111111111
010001011
000000000
010001011
111001011
111111111
000000000
000000000
010001010
010000010
000000000
111111111
010110100
000000000
000001010
111111111
010001011
111111111
111111111
000000000
010001010
111111111
010001010
111011110
010000010
011011011
111111111
010000001
111111111
111011011
010001000
010101101
010000011
010001011
111011011
000100000
111111111
010001011
111111111
010011110
111111111
101110001
111111111
000000000
011111111
101001111
011001110
111111111
111111111
010001011
000000000
111111111
010001011
011011011
010001011
111111111
010111011
111011011
010101110
101111101
010001011
111001011
010001010
011001011
111111111
111111111
111111111
000000000
000000000
011011011
111111111
000000000
111111111
010001011
010001011
111111111
000000001
111111111
110010000
010000000
000000000
000000000
011001011
111111111
010000000
111111111
010001011
111111111
111111111
111111111
111111111
111111111
010011011
000000000
111111111
111111111
111011011
000000000
011011011
010001011
101111110
010001011
000000000
111111111
000000000
011001011
000000000
010001011
011000011
010001011
010001011
000000000
000000010
010100101
010000000
011011011
111111111
010001011
000000000
111011011
010001011
000000000
111111111
111111111
000000000
011011011
111111111
010000000
001100100
000101111
001001011
010001010
111111111
000000000
000000011
000000000
111011111
011001011
010011011
010011011
000000000
110111100
011001011
101111110
101110100
010001011
010001011
011001011
000000000
000000000
010001011
001001000
000000000
000000000
000000000
010001011
000000000
010001011
011001011
000000000
011011011
000000000
111001011
111011011
000000000
011000001
011100000
111111111
000000000
010001001
000110100
111111111
010000000
110110100
111111111
010001011
010001011
000000000
000000000
000000000
010011111
101011011
011011011
001111100
000001010
010001011
010000000
111111111
000000000
011001011
010000000
000000000
010001011
111011111
111111111
000000000
111001011
010001011
000000000
111111111
010001111
111111111
011111111
000000000
010001010
011001011
111010011
000000000
010000010
011011011
100110100
000000000
001100000
110001011
000000000
010001110
010111111
000000000
111111111
010001011
011011011
101110100
011001010
000000000
000000000
000000000
000000000
000000000
000000000
000000000
000000000
000000000
000000000
010000000
010001011
000000000
110011011
010000001
010000000
000000000
111111110
111111011
000000000
010000000
111111111
111011011
011001011
011001000
111111111
000000000
010001011
010001011
010000011
111111111
010101110
000000000
000001011
011001011
110111011
010000100
000000000
111011011
000100110
000000011
111111111
000000000
111111111
010001011
101001011
000000000
111111111
000000000
010101111
111111111
000000000
000000000
111001011
010010010
001000001
000000000
011101011
111011011
111111111
000000000
111111011
011011100
111111111
111111111
000000000
000000000
111011011
110011011
010001010
010001010
011001011
101011001
101010100
010001011
111011011
011011011
011001011
001010001
000000000
000000000
000000000
000000000
011001011
000000000
111111111
111111111
000000000
010001010
111111111
000000000
011001011
111111111
000000000
000000000
011001011
111001011
010000011
111011011
111011011
000000000
000000000
111111111
010000000
111111111
000000000
000000000
111111111
010000000
000000000
111111111
010001010
000101000
000000000
000001000
010001011
111111111
010011000
000000000
000000000
111011011
010001111
011001011
010001011
111111111
010001000
111111111
010001011
011101011
111111111
000000000
000000000
000000000
000000000
011001011
111111011
010001011
111111111
000000011
111111110
011011011
010101110
010001011
000001010
010001011
010001011
011011011
111111011
010011011
010001011
010011110
011011011
111111111
000000000
111011011
000100000
000000000
111111111
010001010
010000010
010000000
000000000
101010011
010001011
011111011
000000000
000000000
011101100
010011011
000000000
011111011
111101111
000000000
000000000
011001011
010000000
111111111
111111111
010110010
111111111
000000000
000101011
010001011
000100100
000111011
111111111
010011000
010001010
111011011
011001001
111111111
111111111
111011011
010111011
011011011
010011111
111111011
000000000
111111111
000000000
011011011
111111111
111111111
010001011
011001011
000000011
111111111
101010000
010011011
010001000
100111100
111111111
111011011
010001000
011001010
010000010
010001011
011001011
000000000
000101010
